        0.30     1115.54
        1.30      453.80
        2.00      614.23
        3.00     2191.59
        3.30     2603.94
        4.20     3521.67
        4.90     4351.61
        5.20     4693.12
        7.50     5027.91
        9.20     7383.94
       12.90     9563.50
       13.20    11437.01
       14.10    13602.67
       15.10    10622.16
       15.40    12794.08
       17.40    13345.25
       17.80    14625.98
       18.50    13137.88
       18.70    13954.35
       19.30    14918.81
